ArraySeq(
List(Array((0), (1), (2)), Array((0), (5), (10)), Array((0), (6), (12))),
List(Array((0), (1), (2)), Array((1), (2), (3)), Array((1), (6), (11)), Array((1), (7), (13))),
List(Array((0), (1), (2)), Array((1), (2), (3)), Array((2), (3), (4)), Array((2), (7), (12)), Array((2), (8), (14)), Array((2), (6), (10))),
List(Array((1), (2), (3)), Array((2), (3), (4)), Array((3), (8), (13)), Array((3), (7), (11))),
List(Array((2), (3), (4)), Array((4), (9), (14)), Array((4), (8), (12))),
List(Array((5), (6), (7)), Array((0), (5), (10)), Array((5), (10), (15)), Array((5), (11), (17))),
List(Array((5), (6), (7)), Array((6), (7), (8)), Array((1), (6), (11)), Array((6), (11), (16)), Array((0), (6), (12)), Array((6), (12), (18)), Array((2), (6), (10))),
List(Array((5), (6), (7)), Array((6), (7), (8)), Array((7), (8), (9)), Array((2), (7), (12)), Array((7), (12), (17)), Array((1), (7), (13)), Array((7), (13), (19)), Array((3), (7), (11)), Array((7), (11), (15))),
List(Array((6), (7), (8)), Array((7), (8), (9)), Array((3), (8), (13)), Array((8), (13), (18)), Array((2), (8), (14)), Array((4), (8), (12)), Array((8), (12), (16))),
List(Array((7), (8), (9)), Array((4), (9), (14)), Array((9), (14), (19)), Array((9), (13), (17))),
List(Array((10), (11), (12)), Array((0), (5), (10)), Array((5), (10), (15)), Array((10), (15), (20)), Array((10), (16), (22)), Array((2), (6), (10))),
List(Array((10), (11), (12)), Array((11), (12), (13)), Array((1), (6), (11)), Array((6), (11), (16)), Array((11), (16), (21)), Array((5), (11), (17)), Array((11), (17), (23)), Array((3), (7), (11)), Array((7), (11), (15))),
List(Array((10), (11), (12)), Array((11), (12), (13)), Array((12), (13), (14)), Array((2), (7), (12)), Array((7), (12), (17)), Array((12), (17), (22)), Array((0), (6), (12)), Array((6), (12), (18)), Array((12), (18), (24)), Array((4), (8), (12)), Array((8), (12), (16)), Array((12), (16), (20))),
List(Array((11), (12), (13)), Array((12), (13), (14)), Array((3), (8), (13)), Array((8), (13), (18)), Array((13), (18), (23)), Array((1), (7), (13)), Array((7), (13), (19)), Array((9), (13), (17)), Array((13), (17), (21))),
List(Array((12), (13), (14)), Array((4), (9), (14)), Array((9), (14), (19)), Array((14), (19), (24)), Array((2), (8), (14)), Array((14), (18), (22))),
List(Array((15), (16), (17)), Array((5), (10), (15)), Array((10), (15), (20)), Array((7), (11), (15))),
List(Array((15), (16), (17)), Array((16), (17), (18)), Array((6), (11), (16)), Array((11), (16), (21)), Array((10), (16), (22)), Array((8), (12), (16)), Array((12), (16), (20))),
List(Array((15), (16), (17)), Array((16), (17), (18)), Array((17), (18), (19)), Array((7), (12), (17)), Array((12), (17), (22)), Array((5), (11), (17)), Array((11), (17), (23)), Array((9), (13), (17)), Array((13), (17), (21))),
List(Array((16), (17), (18)), Array((17), (18), (19)), Array((8), (13), (18)), Array((13), (18), (23)), Array((6), (12), (18)), Array((12), (18), (24)), Array((14), (18), (22))),
List(Array((17), (18), (19)), Array((9), (14), (19)), Array((14), (19), (24)), Array((7), (13), (19))),
List(Array((20), (21), (22)), Array((10), (15), (20)), Array((12), (16), (20))),
List(Array((20), (21), (22)), Array((21), (22), (23)), Array((11), (16), (21)), Array((13), (17), (21))),
List(Array((20), (21), (22)), Array((21), (22), (23)), Array((22), (23), (24)), Array((12), (17), (22)), Array((10), (16), (22)), Array((14), (18), (22))),
List(Array((21), (22), (23)), Array((22), (23), (24)), Array((13), (18), (23)), Array((11), (17), (23))),
List(Array((22), (23), (24)), Array((14), (19), (24)), Array((12), (18), (24))),
)