(0, 0) -> Seq(Seq((0, 0), (0, 1), (0, 2), (0, 3)), Seq((0, 0), (1, 0), (2, 0), (3, 0)), Seq((0, 0), (1, 1), (2, 2), (3, 3))),
(0, 1) -> Seq(Seq((0, 0), (0, 1), (0, 2), (0, 3)), Seq((0, 1), (0, 2), (0, 3), (0, 4)), Seq((0, 1), (1, 1), (2, 1), (3, 1)), Seq((0, 1), (1, 2), (2, 3), (3, 4))),
(0, 2) -> Seq(Seq((0, 0), (0, 1), (0, 2), (0, 3)), Seq((0, 1), (0, 2), (0, 3), (0, 4)), Seq((0, 2), (1, 2), (2, 2), (3, 2))),
(0, 3) -> Seq(Seq((0, 0), (0, 1), (0, 2), (0, 3)), Seq((0, 1), (0, 2), (0, 3), (0, 4)), Seq((0, 3), (1, 3), (2, 3), (3, 3)), Seq((0, 3), (1, 2), (2, 1), (3, 0))),
(0, 4) -> Seq(Seq((0, 1), (0, 2), (0, 3), (0, 4)), Seq((0, 4), (1, 4), (2, 4), (3, 4)), Seq((0, 4), (1, 3), (2, 2), (3, 1))),
(1, 0) -> Seq(Seq((1, 0), (1, 1), (1, 2), (1, 3)), Seq((0, 0), (1, 0), (2, 0), (3, 0)), Seq((1, 0), (2, 0), (3, 0), (4, 0)), Seq((1, 0), (2, 1), (3, 2), (4, 3))),
(1, 1) -> Seq(Seq((1, 0), (1, 1), (1, 2), (1, 3)), Seq((1, 1), (1, 2), (1, 3), (1, 4)), Seq((0, 1), (1, 1), (2, 1), (3, 1)), Seq((1, 1), (2, 1), (3, 1), (4, 1)), Seq((0, 0), (1, 1), (2, 2), (3, 3)), Seq((1, 1), (2, 2), (3, 3), (4, 4))),
(1, 2) -> Seq(Seq((1, 0), (1, 1), (1, 2), (1, 3)), Seq((1, 1), (1, 2), (1, 3), (1, 4)), Seq((0, 2), (1, 2), (2, 2), (3, 2)), Seq((1, 2), (2, 2), (3, 2), (4, 2)), Seq((0, 1), (1, 2), (2, 3), (3, 4)), Seq((0, 3), (1, 2), (2, 1), (3, 0))),
(1, 3) -> Seq(Seq((1, 0), (1, 1), (1, 2), (1, 3)), Seq((1, 1), (1, 2), (1, 3), (1, 4)), Seq((0, 3), (1, 3), (2, 3), (3, 3)), Seq((1, 3), (2, 3), (3, 3), (4, 3)), Seq((0, 4), (1, 3), (2, 2), (3, 1)), Seq((1, 3), (2, 2), (3, 1), (4, 0))),
(1, 4) -> Seq(Seq((1, 1), (1, 2), (1, 3), (1, 4)), Seq((0, 4), (1, 4), (2, 4), (3, 4)), Seq((1, 4), (2, 4), (3, 4), (4, 4)), Seq((1, 4), (2, 3), (3, 2), (4, 1))),
(2, 0) -> Seq(Seq((2, 0), (2, 1), (2, 2), (2, 3)), Seq((0, 0), (1, 0), (2, 0), (3, 0)), Seq((1, 0), (2, 0), (3, 0), (4, 0))),
(2, 1) -> Seq(Seq((2, 0), (2, 1), (2, 2), (2, 3)), Seq((2, 1), (2, 2), (2, 3), (2, 4)), Seq((0, 1), (1, 1), (2, 1), (3, 1)), Seq((1, 1), (2, 1), (3, 1), (4, 1)), Seq((1, 0), (2, 1), (3, 2), (4, 3)), Seq((0, 3), (1, 2), (2, 1), (3, 0))),
(2, 2) -> Seq(Seq((2, 0), (2, 1), (2, 2), (2, 3)), Seq((2, 1), (2, 2), (2, 3), (2, 4)), Seq((0, 2), (1, 2), (2, 2), (3, 2)), Seq((1, 2), (2, 2), (3, 2), (4, 2)), Seq((0, 0), (1, 1), (2, 2), (3, 3)), Seq((1, 1), (2, 2), (3, 3), (4, 4)), Seq((0, 4), (1, 3), (2, 2), (3, 1)), Seq((1, 3), (2, 2), (3, 1), (4, 0))),
(2, 3) -> Seq(Seq((2, 0), (2, 1), (2, 2), (2, 3)), Seq((2, 1), (2, 2), (2, 3), (2, 4)), Seq((0, 3), (1, 3), (2, 3), (3, 3)), Seq((1, 3), (2, 3), (3, 3), (4, 3)), Seq((0, 1), (1, 2), (2, 3), (3, 4)), Seq((1, 4), (2, 3), (3, 2), (4, 1))),
(2, 4) -> Seq(Seq((2, 1), (2, 2), (2, 3), (2, 4)), Seq((0, 4), (1, 4), (2, 4), (3, 4)), Seq((1, 4), (2, 4), (3, 4), (4, 4))),
(3, 0) -> Seq(Seq((3, 0), (3, 1), (3, 2), (3, 3)), Seq((0, 0), (1, 0), (2, 0), (3, 0)), Seq((1, 0), (2, 0), (3, 0), (4, 0)), Seq((0, 3), (1, 2), (2, 1), (3, 0))),
(3, 1) -> Seq(Seq((3, 0), (3, 1), (3, 2), (3, 3)), Seq((3, 1), (3, 2), (3, 3), (3, 4)), Seq((0, 1), (1, 1), (2, 1), (3, 1)), Seq((1, 1), (2, 1), (3, 1), (4, 1)), Seq((0, 4), (1, 3), (2, 2), (3, 1)), Seq((1, 3), (2, 2), (3, 1), (4, 0))),
(3, 2) -> Seq(Seq((3, 0), (3, 1), (3, 2), (3, 3)), Seq((3, 1), (3, 2), (3, 3), (3, 4)), Seq((0, 2), (1, 2), (2, 2), (3, 2)), Seq((1, 2), (2, 2), (3, 2), (4, 2)), Seq((1, 0), (2, 1), (3, 2), (4, 3)), Seq((1, 4), (2, 3), (3, 2), (4, 1))),
(3, 3) -> Seq(Seq((3, 0), (3, 1), (3, 2), (3, 3)), Seq((3, 1), (3, 2), (3, 3), (3, 4)), Seq((0, 3), (1, 3), (2, 3), (3, 3)), Seq((1, 3), (2, 3), (3, 3), (4, 3)), Seq((0, 0), (1, 1), (2, 2), (3, 3)), Seq((1, 1), (2, 2), (3, 3), (4, 4))),
(3, 4) -> Seq(Seq((3, 1), (3, 2), (3, 3), (3, 4)), Seq((0, 4), (1, 4), (2, 4), (3, 4)), Seq((1, 4), (2, 4), (3, 4), (4, 4)), Seq((0, 1), (1, 2), (2, 3), (3, 4))),
(4, 0) -> Seq(Seq((4, 0), (4, 1), (4, 2), (4, 3)), Seq((1, 0), (2, 0), (3, 0), (4, 0)), Seq((1, 3), (2, 2), (3, 1), (4, 0))),
(4, 1) -> Seq(Seq((4, 0), (4, 1), (4, 2), (4, 3)), Seq((4, 1), (4, 2), (4, 3), (4, 4)), Seq((1, 1), (2, 1), (3, 1), (4, 1)), Seq((1, 4), (2, 3), (3, 2), (4, 1))),
(4, 2) -> Seq(Seq((4, 0), (4, 1), (4, 2), (4, 3)), Seq((4, 1), (4, 2), (4, 3), (4, 4)), Seq((1, 2), (2, 2), (3, 2), (4, 2))),
(4, 3) -> Seq(Seq((4, 0), (4, 1), (4, 2), (4, 3)), Seq((4, 1), (4, 2), (4, 3), (4, 4)), Seq((1, 3), (2, 3), (3, 3), (4, 3)), Seq((1, 0), (2, 1), (3, 2), (4, 3))),
(4, 4) -> Seq(Seq((4, 1), (4, 2), (4, 3), (4, 4)), Seq((1, 4), (2, 4), (3, 4), (4, 4)), Seq((1, 1), (2, 2), (3, 3), (4, 4))),
