List(
  List((0,0), (0,1), (0,2), (0,3) ),
  List((1,0), (1,1), (1,2), (1,3) ),
  List((2,0), (2,1), (2,2), (2,3) ),
  List((3,0), (3,1), (3,2), (3,3) ),
  List((4,0), (4,1), (4,2), (4,3) ),
  List((0,1), (0,2), (0,3), (0,4) ),
  List((1,1), (1,2), (1,3), (1,4) ),
  List((2,1), (2,2), (2,3), (2,4) ),
  List((3,1), (3,2), (3,3), (3,4) ),
  List((4,1), (4,2), (4,3), (4,4) ),
  List((0,0), (1,0), (2,0), (3,0) ),
  List((0,1), (1,1), (2,1), (3,1) ),
  List((0,2), (1,2), (2,2), (3,2) ),
  List((0,3), (1,3), (2,3), (3,3) ),
  List((0,4), (1,4), (2,4), (3,4) ),
  List((1,0), (2,0), (3,0), (4,0) ),
  List((1,1), (2,1), (3,1), (4,1) ),
  List((1,2), (2,2), (3,2), (4,2) ),
  List((1,3), (2,3), (3,3), (4,3) ),
  List((1,4), (2,4), (3,4), (4,4) ),
  List((0,1), (1,2), (2,3), (3,4) ),
  List((0,0), (1,1), (2,2), (3,3) ),
  List((1,1), (2,2), (3,3), (4,4) ),
  List((1,0), (2,1), (3,2), (4,3) ),
  List((0,3), (1,2), (2,1), (3,0) ),
  List((0,4), (1,3), (2,2), (3,1) ),
  List((1,3), (2,2), (3,1), (4,0) ),
  List((1,4), (2,3), (3,2), (4,1) )
);